1       40.0     	35     	2600      	1   17.3    	0.395   	    154     0
2       51.2     	37     	2400      	1   4.0    	    0.760    	    64     	0
3       180.0    	36     	3500      	1   257.5    	0.800   	    208     1
4       58.0     	35     	6000      	1   637.0    	0.530   	    644     1
5       39.1     	41     	1800      	1   13.3    	0.800   	    31.5   	0
6       30.1     	49     	4300      	1   35.0    	0.300   	    173     0
7       51.9     	41     	2600      	0   20.0    	0.760    	    44     	1
8       55.2     	32     	2600      	0   0.12   	    0.790    	    36     	1
9       30.0     	49     	6000      	1   848.0    	0.580  	        1660    1
10      26.0     	50     	1100      	0   32.0    	0.640    	    45     	1
11      160.0    	38    	18000     	0   14600.0    	0.710  	        7600    1
12      57.0     	45     	3500      	1   38.0    	0.950    	    95     	0
13      46.9     	47     	1700      	0   0    	    0.740    	    33     	0
14      90.8     	51     	4900      	1   0    	    0.800   	    116     1
15      176.0    	43    	10000     	1   193.0    	0.940   	    125     1
16      25.0     	38     	3200      	1   47.0    	0.350   	    213     1
17      57.0     	38     	3500      	1   60.0    	0.870   	    103     0
18      73.6     	28     	4200      	1   7.0    	    0.800    	    66     	1
19      70.0     	37     	3000      	1   58.0    	0.700    	    77     	0
20      84.72   	50    	11200     	1   112.0    	0.800   	    102     1
21      25.0     	42     	2000      	0   23.0    	0.620    	    34     	1
22      84.0     	40     	6000      	1   50.0    	0.690   	    158     1
23      32.0     	64     	2000      	0   25.0    	0.180   	    155     0
24      50.0     	68     	3300      	1   0.05   	    0.570   	    167     1
25      84.0     	38    	4000      	1   195.0    	0.800   	    300     1
26      93.0     	53    	10000     	1   168.0    	0.640   	    577     1
27      38.0     	32     	8000      	1   278.0    	0.720   	    109     1
28      108.0    	30     	6000      	1   90.0    	0.780   	    105     1
29      32.0     	36     	2300      	0   23.0    	0.800    	    43     	0
30      85.0     	52     	4200      	0   78.0    	0.800   	    153     1
31      151.2    	38    	10000     	1   627.0    	0.800   	    892     1
32      49.5     	32     	3000      	1   49.0    	0.700    	    52     	0
33      65.9     	38     	3000      	1   64.0    	0.660   	    325     1
34      74.0     	43     	4300      	1   48.0    	0.640   	    203     1
35      106.4    	39     	5700      	1   359.0    	0.800   	    473     1
